{
  "nbformat": 4,
  "nbformat_minor": 0,
  "metadata": {
    "colab": {
      "provenance": [],
      "authorship_tag": "ABX9TyNiLtEOnVCYqYGyGSJIeUyV",
      "include_colab_link": true
    },
    "kernelspec": {
      "name": "python3",
      "display_name": "Python 3"
    },
    "language_info": {
      "name": "python"
    }
  },
  "cells": [
    {
      "cell_type": "markdown",
      "metadata": {
        "id": "view-in-github",
        "colab_type": "text"
      },
      "source": [
        "<a href=\"https://colab.research.google.com/github/inesleonidasrocha/DataVisualization-2023/blob/main/DataVisInes.ipynb\" target=\"_parent\"><img src=\"https://colab.research.google.com/assets/colab-badge.svg\" alt=\"Open In Colab\"/></a>"
      ]
    },
    {
      "cell_type": "code",
      "source": [
        "pip install geopandas "
      ],
      "metadata": {
        "colab": {
          "base_uri": "https://localhost:8080/"
        },
        "id": "Ah0U2j0-UYPe",
        "outputId": "d7e39d02-4a4c-4856-86f5-a0cb859f1b26"
      },
      "execution_count": 3,
      "outputs": [
        {
          "output_type": "stream",
          "name": "stdout",
          "text": [
            "Looking in indexes: https://pypi.org/simple, https://us-python.pkg.dev/colab-wheels/public/simple/\n",
            "Collecting geopandas\n",
            "  Downloading geopandas-0.12.2-py3-none-any.whl (1.1 MB)\n",
            "\u001b[2K     \u001b[90m━━━━━━━━━━━━━━━━━━━━━━━━━━━━━━━━━━━━━━━━\u001b[0m \u001b[32m1.1/1.1 MB\u001b[0m \u001b[31m11.5 MB/s\u001b[0m eta \u001b[36m0:00:00\u001b[0m\n",
            "\u001b[?25hRequirement already satisfied: packaging in /usr/local/lib/python3.9/dist-packages (from geopandas) (23.0)\n",
            "Collecting pyproj>=2.6.1.post1\n",
            "  Downloading pyproj-3.5.0-cp39-cp39-manylinux_2_17_x86_64.manylinux2014_x86_64.whl (7.8 MB)\n",
            "\u001b[2K     \u001b[90m━━━━━━━━━━━━━━━━━━━━━━━━━━━━━━━━━━━━━━━━\u001b[0m \u001b[32m7.8/7.8 MB\u001b[0m \u001b[31m79.3 MB/s\u001b[0m eta \u001b[36m0:00:00\u001b[0m\n",
            "\u001b[?25hRequirement already satisfied: pandas>=1.0.0 in /usr/local/lib/python3.9/dist-packages (from geopandas) (1.4.4)\n",
            "Collecting fiona>=1.8\n",
            "  Downloading Fiona-1.9.2-cp39-cp39-manylinux_2_17_x86_64.manylinux2014_x86_64.whl (16.1 MB)\n",
            "\u001b[2K     \u001b[90m━━━━━━━━━━━━━━━━━━━━━━━━━━━━━━━━━━━━━━━\u001b[0m \u001b[32m16.1/16.1 MB\u001b[0m \u001b[31m103.3 MB/s\u001b[0m eta \u001b[36m0:00:00\u001b[0m\n",
            "\u001b[?25hRequirement already satisfied: shapely>=1.7 in /usr/local/lib/python3.9/dist-packages (from geopandas) (2.0.1)\n",
            "Requirement already satisfied: attrs>=19.2.0 in /usr/local/lib/python3.9/dist-packages (from fiona>=1.8->geopandas) (22.2.0)\n",
            "Requirement already satisfied: certifi in /usr/local/lib/python3.9/dist-packages (from fiona>=1.8->geopandas) (2022.12.7)\n",
            "Requirement already satisfied: importlib-metadata in /usr/local/lib/python3.9/dist-packages (from fiona>=1.8->geopandas) (6.1.0)\n",
            "Collecting click-plugins>=1.0\n",
            "  Downloading click_plugins-1.1.1-py2.py3-none-any.whl (7.5 kB)\n",
            "Collecting munch>=2.3.2\n",
            "  Downloading munch-2.5.0-py2.py3-none-any.whl (10 kB)\n",
            "Collecting cligj>=0.5\n",
            "  Downloading cligj-0.7.2-py3-none-any.whl (7.1 kB)\n",
            "Requirement already satisfied: click~=8.0 in /usr/local/lib/python3.9/dist-packages (from fiona>=1.8->geopandas) (8.1.3)\n",
            "Requirement already satisfied: python-dateutil>=2.8.1 in /usr/local/lib/python3.9/dist-packages (from pandas>=1.0.0->geopandas) (2.8.2)\n",
            "Requirement already satisfied: pytz>=2020.1 in /usr/local/lib/python3.9/dist-packages (from pandas>=1.0.0->geopandas) (2022.7.1)\n",
            "Requirement already satisfied: numpy>=1.18.5 in /usr/local/lib/python3.9/dist-packages (from pandas>=1.0.0->geopandas) (1.22.4)\n",
            "Requirement already satisfied: six in /usr/local/lib/python3.9/dist-packages (from munch>=2.3.2->fiona>=1.8->geopandas) (1.16.0)\n",
            "Requirement already satisfied: zipp>=0.5 in /usr/local/lib/python3.9/dist-packages (from importlib-metadata->fiona>=1.8->geopandas) (3.15.0)\n",
            "Installing collected packages: pyproj, munch, cligj, click-plugins, fiona, geopandas\n",
            "Successfully installed click-plugins-1.1.1 cligj-0.7.2 fiona-1.9.2 geopandas-0.12.2 munch-2.5.0 pyproj-3.5.0\n"
          ]
        }
      ]
    },
    {
      "cell_type": "code",
      "execution_count": 3,
      "metadata": {
        "id": "HnzksMjVvFNw"
      },
      "outputs": [],
      "source": [
        "import pandas as pd\n",
        "#import geopandas as gpd\n",
        "from pandas.io.json import json_normalize\n",
        "\n",
        "import plotly.express as px\n",
        "from plotly.subplots import make_subplots\n",
        "import plotly.graph_objects as go\n",
        "\n",
        "import numpy as np\n",
        "\n",
        "import folium\n",
        "\n",
        "import json"
      ]
    },
    {
      "cell_type": "code",
      "source": [
        "from google.colab import drive\n",
        "drive.mount('/content/drive')"
      ],
      "metadata": {
        "colab": {
          "base_uri": "https://localhost:8080/"
        },
        "id": "RCjLlKhnvLly",
        "outputId": "b83b3a82-5b87-4e2b-830b-38e4246ad4a7"
      },
      "execution_count": 4,
      "outputs": [
        {
          "output_type": "stream",
          "name": "stdout",
          "text": [
            "Mounted at /content/drive\n"
          ]
        }
      ]
    },
    {
      "cell_type": "code",
      "source": [
        "data = pd.read_csv('/content/drive/MyDrive/Propriedades_clean.csv')\n",
        "#data = pd.read_csv('Propriedades_clean.csv')\n",
        "data.head()"
      ],
      "metadata": {
        "colab": {
          "base_uri": "https://localhost:8080/",
          "height": 204
        },
        "id": "XwBbWtRnvouJ",
        "outputId": "cbc5995d-e5ed-4331-9035-06d15eeb372c"
      },
      "execution_count": 79,
      "outputs": [
        {
          "output_type": "execute_result",
          "data": {
            "text/plain": [
              "          Tipo                                             Titulo     Preço  \\\n",
              "0  Apartamento   Apartamento T2 - Empreendimento Cerrado da Fonte  400000.0   \n",
              "1  Apartamento      Apartamento TO ao Pólo Universitário do Porto  170000.0   \n",
              "2  Apartamento                          Apartamento T4 para venda  220000.0   \n",
              "3  Apartamento  APARTAMENTO T3 COM EXCELENTE EXPOSIÇÃO SOLAR E...  159000.0   \n",
              "4  Apartamento  Apt. T2 - Condomínio Fechado com varanda de 8 m2.  333000.0   \n",
              "\n",
              "        Condição  Quartos   WC  Dimensão m2  \\\n",
              "0  Em construção      2.0  2.0        80.00   \n",
              "1          Usado      0.0  2.0        35.87   \n",
              "2          Usado      4.0  2.0        99.30   \n",
              "3          Usado      3.0  2.0       110.00   \n",
              "4           Novo      2.0  2.0        98.00   \n",
              "\n",
              "                                                Link        Data    Cidade  \\\n",
              "0  https://www.imovirtual.com/pt/anuncio/apartame...  2022-10-02    Lisboa   \n",
              "1  https://www.imovirtual.com/pt/anuncio/apartame...  2022-10-02     Porto   \n",
              "2  https://www.imovirtual.com/pt/anuncio/apartame...  2022-10-02    Lisboa   \n",
              "3  https://www.imovirtual.com/pt/anuncio/apartame...  2022-10-02  Santarém   \n",
              "4  https://www.imovirtual.com/pt/anuncio/apt-t2-c...  2022-10-02     Porto   \n",
              "\n",
              "   Tipo_id  \n",
              "0        0  \n",
              "1        0  \n",
              "2        0  \n",
              "3        0  \n",
              "4        0  "
            ],
            "text/html": [
              "\n",
              "  <div id=\"df-a7779d83-2a04-4300-8232-4542370de8aa\">\n",
              "    <div class=\"colab-df-container\">\n",
              "      <div>\n",
              "<style scoped>\n",
              "    .dataframe tbody tr th:only-of-type {\n",
              "        vertical-align: middle;\n",
              "    }\n",
              "\n",
              "    .dataframe tbody tr th {\n",
              "        vertical-align: top;\n",
              "    }\n",
              "\n",
              "    .dataframe thead th {\n",
              "        text-align: right;\n",
              "    }\n",
              "</style>\n",
              "<table border=\"1\" class=\"dataframe\">\n",
              "  <thead>\n",
              "    <tr style=\"text-align: right;\">\n",
              "      <th></th>\n",
              "      <th>Tipo</th>\n",
              "      <th>Titulo</th>\n",
              "      <th>Preço</th>\n",
              "      <th>Condição</th>\n",
              "      <th>Quartos</th>\n",
              "      <th>WC</th>\n",
              "      <th>Dimensão m2</th>\n",
              "      <th>Link</th>\n",
              "      <th>Data</th>\n",
              "      <th>Cidade</th>\n",
              "      <th>Tipo_id</th>\n",
              "    </tr>\n",
              "  </thead>\n",
              "  <tbody>\n",
              "    <tr>\n",
              "      <th>0</th>\n",
              "      <td>Apartamento</td>\n",
              "      <td>Apartamento T2 - Empreendimento Cerrado da Fonte</td>\n",
              "      <td>400000.0</td>\n",
              "      <td>Em construção</td>\n",
              "      <td>2.0</td>\n",
              "      <td>2.0</td>\n",
              "      <td>80.00</td>\n",
              "      <td>https://www.imovirtual.com/pt/anuncio/apartame...</td>\n",
              "      <td>2022-10-02</td>\n",
              "      <td>Lisboa</td>\n",
              "      <td>0</td>\n",
              "    </tr>\n",
              "    <tr>\n",
              "      <th>1</th>\n",
              "      <td>Apartamento</td>\n",
              "      <td>Apartamento TO ao Pólo Universitário do Porto</td>\n",
              "      <td>170000.0</td>\n",
              "      <td>Usado</td>\n",
              "      <td>0.0</td>\n",
              "      <td>2.0</td>\n",
              "      <td>35.87</td>\n",
              "      <td>https://www.imovirtual.com/pt/anuncio/apartame...</td>\n",
              "      <td>2022-10-02</td>\n",
              "      <td>Porto</td>\n",
              "      <td>0</td>\n",
              "    </tr>\n",
              "    <tr>\n",
              "      <th>2</th>\n",
              "      <td>Apartamento</td>\n",
              "      <td>Apartamento T4 para venda</td>\n",
              "      <td>220000.0</td>\n",
              "      <td>Usado</td>\n",
              "      <td>4.0</td>\n",
              "      <td>2.0</td>\n",
              "      <td>99.30</td>\n",
              "      <td>https://www.imovirtual.com/pt/anuncio/apartame...</td>\n",
              "      <td>2022-10-02</td>\n",
              "      <td>Lisboa</td>\n",
              "      <td>0</td>\n",
              "    </tr>\n",
              "    <tr>\n",
              "      <th>3</th>\n",
              "      <td>Apartamento</td>\n",
              "      <td>APARTAMENTO T3 COM EXCELENTE EXPOSIÇÃO SOLAR E...</td>\n",
              "      <td>159000.0</td>\n",
              "      <td>Usado</td>\n",
              "      <td>3.0</td>\n",
              "      <td>2.0</td>\n",
              "      <td>110.00</td>\n",
              "      <td>https://www.imovirtual.com/pt/anuncio/apartame...</td>\n",
              "      <td>2022-10-02</td>\n",
              "      <td>Santarém</td>\n",
              "      <td>0</td>\n",
              "    </tr>\n",
              "    <tr>\n",
              "      <th>4</th>\n",
              "      <td>Apartamento</td>\n",
              "      <td>Apt. T2 - Condomínio Fechado com varanda de 8 m2.</td>\n",
              "      <td>333000.0</td>\n",
              "      <td>Novo</td>\n",
              "      <td>2.0</td>\n",
              "      <td>2.0</td>\n",
              "      <td>98.00</td>\n",
              "      <td>https://www.imovirtual.com/pt/anuncio/apt-t2-c...</td>\n",
              "      <td>2022-10-02</td>\n",
              "      <td>Porto</td>\n",
              "      <td>0</td>\n",
              "    </tr>\n",
              "  </tbody>\n",
              "</table>\n",
              "</div>\n",
              "      <button class=\"colab-df-convert\" onclick=\"convertToInteractive('df-a7779d83-2a04-4300-8232-4542370de8aa')\"\n",
              "              title=\"Convert this dataframe to an interactive table.\"\n",
              "              style=\"display:none;\">\n",
              "        \n",
              "  <svg xmlns=\"http://www.w3.org/2000/svg\" height=\"24px\"viewBox=\"0 0 24 24\"\n",
              "       width=\"24px\">\n",
              "    <path d=\"M0 0h24v24H0V0z\" fill=\"none\"/>\n",
              "    <path d=\"M18.56 5.44l.94 2.06.94-2.06 2.06-.94-2.06-.94-.94-2.06-.94 2.06-2.06.94zm-11 1L8.5 8.5l.94-2.06 2.06-.94-2.06-.94L8.5 2.5l-.94 2.06-2.06.94zm10 10l.94 2.06.94-2.06 2.06-.94-2.06-.94-.94-2.06-.94 2.06-2.06.94z\"/><path d=\"M17.41 7.96l-1.37-1.37c-.4-.4-.92-.59-1.43-.59-.52 0-1.04.2-1.43.59L10.3 9.45l-7.72 7.72c-.78.78-.78 2.05 0 2.83L4 21.41c.39.39.9.59 1.41.59.51 0 1.02-.2 1.41-.59l7.78-7.78 2.81-2.81c.8-.78.8-2.07 0-2.86zM5.41 20L4 18.59l7.72-7.72 1.47 1.35L5.41 20z\"/>\n",
              "  </svg>\n",
              "      </button>\n",
              "      \n",
              "  <style>\n",
              "    .colab-df-container {\n",
              "      display:flex;\n",
              "      flex-wrap:wrap;\n",
              "      gap: 12px;\n",
              "    }\n",
              "\n",
              "    .colab-df-convert {\n",
              "      background-color: #E8F0FE;\n",
              "      border: none;\n",
              "      border-radius: 50%;\n",
              "      cursor: pointer;\n",
              "      display: none;\n",
              "      fill: #1967D2;\n",
              "      height: 32px;\n",
              "      padding: 0 0 0 0;\n",
              "      width: 32px;\n",
              "    }\n",
              "\n",
              "    .colab-df-convert:hover {\n",
              "      background-color: #E2EBFA;\n",
              "      box-shadow: 0px 1px 2px rgba(60, 64, 67, 0.3), 0px 1px 3px 1px rgba(60, 64, 67, 0.15);\n",
              "      fill: #174EA6;\n",
              "    }\n",
              "\n",
              "    [theme=dark] .colab-df-convert {\n",
              "      background-color: #3B4455;\n",
              "      fill: #D2E3FC;\n",
              "    }\n",
              "\n",
              "    [theme=dark] .colab-df-convert:hover {\n",
              "      background-color: #434B5C;\n",
              "      box-shadow: 0px 1px 3px 1px rgba(0, 0, 0, 0.15);\n",
              "      filter: drop-shadow(0px 1px 2px rgba(0, 0, 0, 0.3));\n",
              "      fill: #FFFFFF;\n",
              "    }\n",
              "  </style>\n",
              "\n",
              "      <script>\n",
              "        const buttonEl =\n",
              "          document.querySelector('#df-a7779d83-2a04-4300-8232-4542370de8aa button.colab-df-convert');\n",
              "        buttonEl.style.display =\n",
              "          google.colab.kernel.accessAllowed ? 'block' : 'none';\n",
              "\n",
              "        async function convertToInteractive(key) {\n",
              "          const element = document.querySelector('#df-a7779d83-2a04-4300-8232-4542370de8aa');\n",
              "          const dataTable =\n",
              "            await google.colab.kernel.invokeFunction('convertToInteractive',\n",
              "                                                     [key], {});\n",
              "          if (!dataTable) return;\n",
              "\n",
              "          const docLinkHtml = 'Like what you see? Visit the ' +\n",
              "            '<a target=\"_blank\" href=https://colab.research.google.com/notebooks/data_table.ipynb>data table notebook</a>'\n",
              "            + ' to learn more about interactive tables.';\n",
              "          element.innerHTML = '';\n",
              "          dataTable['output_type'] = 'display_data';\n",
              "          await google.colab.output.renderOutput(dataTable, element);\n",
              "          const docLink = document.createElement('div');\n",
              "          docLink.innerHTML = docLinkHtml;\n",
              "          element.appendChild(docLink);\n",
              "        }\n",
              "      </script>\n",
              "    </div>\n",
              "  </div>\n",
              "  "
            ]
          },
          "metadata": {},
          "execution_count": 79
        }
      ]
    },
    {
      "cell_type": "code",
      "source": [
        "data_unique = data[~data['Link'].duplicated()]\n",
        "data_unique['Link'].value_counts()"
      ],
      "metadata": {
        "colab": {
          "base_uri": "https://localhost:8080/"
        },
        "id": "K0xFFboGrQKV",
        "outputId": "62fe2f0d-5117-4fec-daa0-a1b10b0f4bc3"
      },
      "execution_count": 80,
      "outputs": [
        {
          "output_type": "execute_result",
          "data": {
            "text/plain": [
              "https://www.imovirtual.com/pt/anuncio/apartamento-t2-empreendimento-cerrado-da-fonte-ID19eoH.html#ab04badaa0               1\n",
              "https://www.imovirtual.com/pt/anuncio/moradia-t4-individual-em-nogueira-ID1aHp7.html#f46d972c33                            1\n",
              "https://www.imovirtual.com/pt/anuncio/moradia-t3-escritorio-na-folgosa-da-maia-maia-ID1aIKs.html#db508dc549                1\n",
              "https://www.imovirtual.com/pt/anuncio/moradia-v4-para-venda-em-ferragudo-ID1aHkA.html#db508dc549                           1\n",
              "https://www.imovirtual.com/pt/anuncio/moradia-t3-em-banda-em-ferreiros-braga-ID1aIKY.html#f46d972c33                       1\n",
              "                                                                                                                          ..\n",
              "https://www.imovirtual.com/pt/anuncio/nova-acabamentos-de-eleicao-vista-mar-super-isolamento-ID19p58.html#b9127dda57       1\n",
              "https://www.imovirtual.com/pt/anuncio/moradia-t1-remodelado-com-sotao-na-torre-da-marinha-ID18m4O.html#e0e511345c          1\n",
              "https://www.imovirtual.com/pt/anuncio/quintinha-com-duas-moradias-perto-de-sao-bras-de-alportel-ID18m5Y.html#e0e511345c    1\n",
              "https://www.imovirtual.com/pt/anuncio/moradia-t6-em-banda-para-venda-ID18m6t.html#e0e511345c                               1\n",
              "https://www.imovirtual.com/pt/anuncio/excelente-herdade-ganadeira-ID1axmJ.html#f0404a4b56                                  1\n",
              "Name: Link, Length: 320189, dtype: int64"
            ]
          },
          "metadata": {},
          "execution_count": 80
        }
      ]
    },
    {
      "cell_type": "code",
      "source": [
        "data = data_unique\n",
        "data['Link'].value_counts()"
      ],
      "metadata": {
        "colab": {
          "base_uri": "https://localhost:8080/"
        },
        "id": "v3nwa6qbsDlO",
        "outputId": "4a7a2efa-d8b6-4feb-d338-a96a7dfa1535"
      },
      "execution_count": 81,
      "outputs": [
        {
          "output_type": "execute_result",
          "data": {
            "text/plain": [
              "https://www.imovirtual.com/pt/anuncio/apartamento-t2-empreendimento-cerrado-da-fonte-ID19eoH.html#ab04badaa0               1\n",
              "https://www.imovirtual.com/pt/anuncio/moradia-t4-individual-em-nogueira-ID1aHp7.html#f46d972c33                            1\n",
              "https://www.imovirtual.com/pt/anuncio/moradia-t3-escritorio-na-folgosa-da-maia-maia-ID1aIKs.html#db508dc549                1\n",
              "https://www.imovirtual.com/pt/anuncio/moradia-v4-para-venda-em-ferragudo-ID1aHkA.html#db508dc549                           1\n",
              "https://www.imovirtual.com/pt/anuncio/moradia-t3-em-banda-em-ferreiros-braga-ID1aIKY.html#f46d972c33                       1\n",
              "                                                                                                                          ..\n",
              "https://www.imovirtual.com/pt/anuncio/nova-acabamentos-de-eleicao-vista-mar-super-isolamento-ID19p58.html#b9127dda57       1\n",
              "https://www.imovirtual.com/pt/anuncio/moradia-t1-remodelado-com-sotao-na-torre-da-marinha-ID18m4O.html#e0e511345c          1\n",
              "https://www.imovirtual.com/pt/anuncio/quintinha-com-duas-moradias-perto-de-sao-bras-de-alportel-ID18m5Y.html#e0e511345c    1\n",
              "https://www.imovirtual.com/pt/anuncio/moradia-t6-em-banda-para-venda-ID18m6t.html#e0e511345c                               1\n",
              "https://www.imovirtual.com/pt/anuncio/excelente-herdade-ganadeira-ID1axmJ.html#f0404a4b56                                  1\n",
              "Name: Link, Length: 320189, dtype: int64"
            ]
          },
          "metadata": {},
          "execution_count": 81
        }
      ]
    },
    {
      "cell_type": "code",
      "source": [
        "cidades_da_treta = set(data.Cidade)\n",
        "\n",
        "for i in cidades_da_treta:\n",
        "  print(i)\n",
        "  print(data[data.Cidade == i].corr(method = 'spearman'))"
      ],
      "metadata": {
        "colab": {
          "base_uri": "https://localhost:8080/"
        },
        "id": "SLh12VbnWJZ7",
        "outputId": "ad7502db-43c5-4829-c331-7837450295c4"
      },
      "execution_count": 51,
      "outputs": [
        {
          "output_type": "stream",
          "name": "stdout",
          "text": [
            "Pico\n",
            "                Preço   Quartos        WC  Dimensão m2   Tipo_id   preçoM2\n",
            "Preço        1.000000  0.496673  0.437266     0.522709 -0.056943  0.709156\n",
            "Quartos      0.496673  1.000000  0.415049     0.657263  0.018339  0.060424\n",
            "WC           0.437266  0.415049  1.000000     0.404049       NaN  0.171578\n",
            "Dimensão m2  0.522709  0.657263  0.404049     1.000000 -0.071430 -0.189492\n",
            "Tipo_id     -0.056943  0.018339       NaN    -0.071430  1.000000 -0.144527\n",
            "preçoM2      0.709156  0.060424  0.171578    -0.189492 -0.144527  1.000000\n",
            "Coimbra\n",
            "                Preço   Quartos        WC  Dimensão m2   Tipo_id   preçoM2\n",
            "Preço        1.000000  0.344942  0.556340     0.425138 -0.219203  0.681352\n",
            "Quartos      0.344942  1.000000  0.521629     0.649793  0.302917 -0.102174\n",
            "WC           0.556340  0.521629  1.000000     0.533399  0.020218  0.148578\n",
            "Dimensão m2  0.425138  0.649793  0.533399     1.000000  0.357489 -0.301242\n",
            "Tipo_id     -0.219203  0.302917  0.020218     0.357489  1.000000 -0.575641\n",
            "preçoM2      0.681352 -0.102174  0.148578    -0.301242 -0.575641  1.000000\n",
            "São Jorge\n",
            "                Preço   Quartos        WC  Dimensão m2   Tipo_id   preçoM2\n",
            "Preço        1.000000  0.382459  0.301023     0.272585  0.165640  0.586795\n",
            "Quartos      0.382459  1.000000  0.472004     0.553195  0.109634 -0.156086\n",
            "WC           0.301023  0.472004  1.000000     0.354159  0.082285 -0.058017\n",
            "Dimensão m2  0.272585  0.553195  0.354159     1.000000  0.231129 -0.511375\n",
            "Tipo_id      0.165640  0.109634  0.082285     0.231129  1.000000 -0.181539\n",
            "preçoM2      0.586795 -0.156086 -0.058017    -0.511375 -0.181539  1.000000\n",
            "Portalegre\n",
            "                Preço   Quartos        WC  Dimensão m2   Tipo_id   preçoM2\n",
            "Preço        1.000000  0.273359  0.519636     0.654374  0.484547  0.364164\n",
            "Quartos      0.273359  1.000000  0.495772     0.466682  0.056408 -0.004039\n",
            "WC           0.519636  0.495772  1.000000     0.506138  0.056744  0.130335\n",
            "Dimensão m2  0.654374  0.466682  0.506138     1.000000  0.377017 -0.332409\n",
            "Tipo_id      0.484547  0.056408  0.056744     0.377017  1.000000 -0.280806\n",
            "preçoM2      0.364164 -0.004039  0.130335    -0.332409 -0.280806  1.000000\n",
            "Leiria\n",
            "                Preço   Quartos        WC  Dimensão m2   Tipo_id   preçoM2\n",
            "Preço        1.000000  0.474235  0.605847     0.529004  0.082767  0.636735\n",
            "Quartos      0.474235  1.000000  0.565523     0.605152  0.295719  0.011423\n",
            "WC           0.605847  0.565523  1.000000     0.523542  0.182807  0.205615\n",
            "Dimensão m2  0.529004  0.605152  0.523542     1.000000  0.389521 -0.229161\n",
            "Tipo_id      0.082767  0.295719  0.182807     0.389521  1.000000 -0.312545\n",
            "preçoM2      0.636735  0.011423  0.205615    -0.229161 -0.312545  1.000000\n",
            "Faro\n",
            "                Preço   Quartos        WC  Dimensão m2   Tipo_id   preçoM2\n",
            "Preço        1.000000  0.585928  0.609278     0.738085  0.391397  0.489978\n",
            "Quartos      0.585928  1.000000  0.614149     0.765350  0.482566 -0.054082\n",
            "WC           0.609278  0.614149  1.000000     0.659293  0.306833  0.051637\n",
            "Dimensão m2  0.738085  0.765350  0.659293     1.000000  0.583377 -0.138616\n",
            "Tipo_id      0.391397  0.482566  0.306833     0.583377  1.000000 -0.114936\n",
            "preçoM2      0.489978 -0.054082  0.051637    -0.138616 -0.114936  1.000000\n",
            "Madeira\n",
            "                Preço   Quartos        WC  Dimensão m2   Tipo_id   preçoM2\n",
            "Preço        1.000000  0.507822  0.582734     0.636392  0.152336  0.494406\n",
            "Quartos      0.507822  1.000000  0.565539     0.687240  0.441752 -0.133562\n",
            "WC           0.582734  0.565539  1.000000     0.618707  0.215216 -0.004637\n",
            "Dimensão m2  0.636392  0.687240  0.618707     1.000000  0.400218 -0.257995\n",
            "Tipo_id      0.152336  0.441752  0.215216     0.400218  1.000000 -0.291654\n",
            "preçoM2      0.494406 -0.133562 -0.004637    -0.257995 -0.291654  1.000000\n",
            "Viseu\n",
            "                Preço   Quartos        WC  Dimensão m2   Tipo_id   preçoM2\n",
            "Preço        1.000000  0.363720  0.588041     0.489123 -0.005993  0.637688\n",
            "Quartos      0.363720  1.000000  0.461642     0.502653  0.139665  0.038876\n",
            "WC           0.588041  0.461642  1.000000     0.502793 -0.075871  0.217679\n",
            "Dimensão m2  0.489123  0.502653  0.502793     1.000000  0.283440 -0.271287\n",
            "Tipo_id     -0.005993  0.139665 -0.075871     0.283440  1.000000 -0.485411\n",
            "preçoM2      0.637688  0.038876  0.217679    -0.271287 -0.485411  1.000000\n",
            "Lisboa\n",
            "                Preço   Quartos        WC  Dimensão m2   Tipo_id   preçoM2\n",
            "Preço        1.000000  0.495266  0.585182     0.675902  0.258738  0.621847\n",
            "Quartos      0.495266  1.000000  0.633962     0.785013  0.480859 -0.106267\n",
            "WC           0.585182  0.633962  1.000000     0.740817  0.314421  0.054007\n",
            "Dimensão m2  0.675902  0.785013  0.740817     1.000000  0.558985 -0.091432\n",
            "Tipo_id      0.258738  0.480859  0.314421     0.558985  1.000000 -0.239361\n",
            "preçoM2      0.621847 -0.106267  0.054007    -0.091432 -0.239361  1.000000\n",
            "Braga\n",
            "                Preço   Quartos        WC  Dimensão m2   Tipo_id   preçoM2\n",
            "Preço        1.000000  0.454701  0.628176     0.610391  0.248452  0.260900\n",
            "Quartos      0.454701  1.000000  0.513250     0.619535  0.385605 -0.258388\n",
            "WC           0.628176  0.513250  1.000000     0.606195  0.283592 -0.118122\n",
            "Dimensão m2  0.610391  0.619535  0.606195     1.000000  0.606678 -0.503127\n",
            "Tipo_id      0.248452  0.385605  0.283592     0.606678  1.000000 -0.523948\n",
            "preçoM2      0.260900 -0.258388 -0.118122    -0.503127 -0.523948  1.000000\n",
            "Corvo\n",
            "                Preço   Quartos  WC  Dimensão m2   Tipo_id   preçoM2\n",
            "Preço        1.000000  0.152660 NaN     0.293590  0.565985  0.709091\n",
            "Quartos      0.152660  1.000000 NaN     0.521672  0.446271 -0.715718\n",
            "WC                NaN       NaN NaN          NaN       NaN       NaN\n",
            "Dimensão m2  0.293590  0.521672 NaN     1.000000  0.881917 -0.440386\n",
            "Tipo_id      0.565985  0.446271 NaN     0.881917  1.000000 -0.582575\n",
            "preçoM2      0.709091 -0.715718 NaN    -0.440386 -0.582575  1.000000\n",
            "Santarém\n",
            "                Preço   Quartos        WC  Dimensão m2   Tipo_id   preçoM2\n",
            "Preço        1.000000  0.448154  0.656901     0.633475  0.227996  0.553857\n",
            "Quartos      0.448154  1.000000  0.522242     0.538891  0.159385  0.076098\n",
            "WC           0.656901  0.522242  1.000000     0.567765  0.057557  0.261054\n",
            "Dimensão m2  0.633475  0.538891  0.567765     1.000000  0.333495 -0.189569\n",
            "Tipo_id      0.227996  0.159385  0.057557     0.333495  1.000000 -0.223256\n",
            "preçoM2      0.553857  0.076098  0.261054    -0.189569 -0.223256  1.000000\n",
            "Porto\n",
            "                Preço   Quartos        WC  Dimensão m2   Tipo_id   preçoM2\n",
            "Preço        1.000000  0.504655  0.558278     0.606108  0.171534  0.393068\n",
            "Quartos      0.504655  1.000000  0.654153     0.785142  0.428209 -0.286730\n",
            "WC           0.558278  0.654153  1.000000     0.694165  0.194228 -0.122466\n",
            "Dimensão m2  0.606108  0.785142  0.694165     1.000000  0.558746 -0.411126\n",
            "Tipo_id      0.171534  0.428209  0.194228     0.558746  1.000000 -0.453236\n",
            "preçoM2      0.393068 -0.286730 -0.122466    -0.411126 -0.453236  1.000000\n",
            "Beja\n",
            "                Preço   Quartos        WC  Dimensão m2   Tipo_id   preçoM2\n",
            "Preço        1.000000  0.234228  0.594079     0.590417  0.472301  0.304502\n",
            "Quartos      0.234228  1.000000  0.486259     0.426145  0.014637  0.061506\n",
            "WC           0.594079  0.486259  1.000000     0.447804 -0.045171  0.277122\n",
            "Dimensão m2  0.590417  0.426145  0.447804     1.000000  0.464312 -0.450956\n",
            "Tipo_id      0.472301  0.014637 -0.045171     0.464312  1.000000 -0.416014\n",
            "preçoM2      0.304502  0.061506  0.277122    -0.450956 -0.416014  1.000000\n",
            "Vila Real\n",
            "                Preço   Quartos        WC  Dimensão m2   Tipo_id   preçoM2\n",
            "Preço        1.000000  0.366212  0.614161     0.503484  0.204740  0.605544\n",
            "Quartos      0.366212  1.000000  0.418079     0.493085  0.118228  0.086059\n",
            "WC           0.614161  0.418079  1.000000     0.413850  0.065840  0.277304\n",
            "Dimensão m2  0.503484  0.493085  0.413850     1.000000  0.404303 -0.286323\n",
            "Tipo_id      0.204740  0.118228  0.065840     0.404303  1.000000 -0.372255\n",
            "preçoM2      0.605544  0.086059  0.277304    -0.286323 -0.372255  1.000000\n",
            "Viana do Castelo\n",
            "                Preço   Quartos        WC  Dimensão m2   Tipo_id   preçoM2\n",
            "Preço        1.000000  0.418782  0.651431     0.544982  0.153938  0.514675\n",
            "Quartos      0.418782  1.000000  0.554190     0.539547  0.194786 -0.014283\n",
            "WC           0.651431  0.554190  1.000000     0.567680  0.180306  0.147858\n",
            "Dimensão m2  0.544982  0.539547  0.567680     1.000000  0.482908 -0.332611\n",
            "Tipo_id      0.153938  0.194786  0.180306     0.482908  1.000000 -0.425156\n",
            "preçoM2      0.514675 -0.014283  0.147858    -0.332611 -0.425156  1.000000\n",
            "Bragança\n",
            "                Preço   Quartos        WC  Dimensão m2   Tipo_id   preçoM2\n",
            "Preço        1.000000  0.410385  0.557474     0.587055  0.336062  0.521047\n",
            "Quartos      0.410385  1.000000  0.505392     0.567381  0.227134  0.063452\n",
            "WC           0.557474  0.505392  1.000000     0.474564  0.112775  0.169015\n",
            "Dimensão m2  0.587055  0.567381  0.474564     1.000000  0.374277 -0.263908\n",
            "Tipo_id      0.336062  0.227134  0.112775     0.374277  1.000000 -0.242810\n",
            "preçoM2      0.521047  0.063452  0.169015    -0.263908 -0.242810  1.000000\n",
            "Graciosa\n",
            "                Preço   Quartos        WC  Dimensão m2   Tipo_id   preçoM2\n",
            "Preço        1.000000  0.393548  0.632898     0.051114 -0.512179  0.849662\n",
            "Quartos      0.393548  1.000000  0.495553     0.529587 -0.289694  0.150658\n",
            "WC           0.632898  0.495553  1.000000     0.286879 -1.000000  0.630256\n",
            "Dimensão m2  0.051114  0.529587  0.286879     1.000000 -0.134343 -0.307542\n",
            "Tipo_id     -0.512179 -0.289694 -1.000000    -0.134343  1.000000 -0.510337\n",
            "preçoM2      0.849662  0.150658  0.630256    -0.307542 -0.510337  1.000000\n",
            "Guarda\n",
            "                Preço   Quartos        WC  Dimensão m2   Tipo_id   preçoM2\n",
            "Preço        1.000000  0.379209  0.576463     0.531174  0.174664  0.487164\n",
            "Quartos      0.379209  1.000000  0.454620     0.436144  0.041274  0.116399\n",
            "WC           0.576463  0.454620  1.000000     0.377684  0.032785  0.305511\n",
            "Dimensão m2  0.531174  0.436144  0.377684     1.000000  0.414057 -0.374458\n",
            "Tipo_id      0.174664  0.041274  0.032785     0.414057  1.000000 -0.384006\n",
            "preçoM2      0.487164  0.116399  0.305511    -0.374458 -0.384006  1.000000\n",
            "Maria\n",
            "                Preço   Quartos        WC  Dimensão m2   Tipo_id   preçoM2\n",
            "Preço        1.000000  0.546481  0.620807     0.343815 -0.142872  0.414878\n",
            "Quartos      0.546481  1.000000  0.536263     0.412341  0.144024  0.167085\n",
            "WC           0.620807  0.536263  1.000000     0.127891  0.073917  0.436474\n",
            "Dimensão m2  0.343815  0.412341  0.127891     1.000000  0.029146 -0.637932\n",
            "Tipo_id     -0.142872  0.144024  0.073917     0.029146  1.000000 -0.204009\n",
            "preçoM2      0.414878  0.167085  0.436474    -0.637932 -0.204009  1.000000\n",
            "Santo\n",
            "                Preço   Quartos        WC  Dimensão m2   Tipo_id   preçoM2\n",
            "Preço        1.000000  0.401374  0.531571     0.317039  0.388691  0.600539\n",
            "Quartos      0.401374  1.000000  0.176762     0.566418  0.101808 -0.047971\n",
            "WC           0.531571  0.176762  1.000000     0.227509  0.317676  0.317383\n",
            "Dimensão m2  0.317039  0.566418  0.227509     1.000000  0.144258 -0.484319\n",
            "Tipo_id      0.388691  0.101808  0.317676     0.144258  1.000000  0.263789\n",
            "preçoM2      0.600539 -0.047971  0.317383    -0.484319  0.263789  1.000000\n",
            "Setúbal\n",
            "                Preço   Quartos        WC  Dimensão m2   Tipo_id   preçoM2\n",
            "Preço        1.000000  0.586091  0.670863     0.770886  0.521838  0.470206\n",
            "Quartos      0.586091  1.000000  0.690531     0.759321  0.468674 -0.001841\n",
            "WC           0.670863  0.690531  1.000000     0.721451  0.539057  0.147175\n",
            "Dimensão m2  0.770886  0.759321  0.721451     1.000000  0.579251 -0.111057\n",
            "Tipo_id      0.521838  0.468674  0.539057     0.579251  1.000000  0.063189\n",
            "preçoM2      0.470206 -0.001841  0.147175    -0.111057  0.063189  1.000000\n",
            "Faial\n",
            "                Preço   Quartos        WC  Dimensão m2   Tipo_id   preçoM2\n",
            "Preço        1.000000  0.465592  0.688189     0.370149 -0.078137  0.755287\n",
            "Quartos      0.465592  1.000000  0.647495     0.441255 -0.016129  0.243254\n",
            "WC           0.688189  0.647495  1.000000     0.420209  0.208368  0.592329\n",
            "Dimensão m2  0.370149  0.441255  0.420209     1.000000  0.335678 -0.244665\n",
            "Tipo_id     -0.078137 -0.016129  0.208368     0.335678  1.000000 -0.223126\n",
            "preçoM2      0.755287  0.243254  0.592329    -0.244665 -0.223126  1.000000\n",
            "Terceira\n",
            "                Preço   Quartos        WC  Dimensão m2   Tipo_id   preçoM2\n",
            "Preço        1.000000  0.578842  0.673323     0.650015  0.058626  0.534247\n",
            "Quartos      0.578842  1.000000  0.526438     0.540873  0.136585  0.151898\n",
            "WC           0.673323  0.526438  1.000000     0.577194  0.187124  0.212810\n",
            "Dimensão m2  0.650015  0.540873  0.577194     1.000000  0.216384 -0.244431\n",
            "Tipo_id      0.058626  0.136585  0.187124     0.216384  1.000000 -0.155267\n",
            "preçoM2      0.534247  0.151898  0.212810    -0.244431 -0.155267  1.000000\n",
            "Miguel\n",
            "                Preço   Quartos        WC  Dimensão m2   Tipo_id   preçoM2\n",
            "Preço        1.000000  0.430522  0.590879     0.567719 -0.038613  0.572086\n",
            "Quartos      0.430522  1.000000  0.409593     0.607692  0.245836 -0.088343\n",
            "WC           0.590879  0.409593  1.000000     0.488458  0.078066  0.159338\n",
            "Dimensão m2  0.567719  0.607692  0.488458     1.000000  0.294234 -0.271627\n",
            "Tipo_id     -0.038613  0.245836  0.078066     0.294234  1.000000 -0.378693\n",
            "preçoM2      0.572086 -0.088343  0.159338    -0.271627 -0.378693  1.000000\n",
            "Castelo Branco\n",
            "                Preço   Quartos        WC  Dimensão m2   Tipo_id   preçoM2\n",
            "Preço        1.000000  0.312555  0.579733     0.309294 -0.185582  0.604180\n",
            "Quartos      0.312555  1.000000  0.445562     0.294174 -0.057103  0.171765\n",
            "WC           0.579733  0.445562  1.000000     0.461229 -0.051233  0.279325\n",
            "Dimensão m2  0.309294  0.294174  0.461229     1.000000  0.503523 -0.451636\n",
            "Tipo_id     -0.185582 -0.057103 -0.051233     0.503523  1.000000 -0.604802\n",
            "preçoM2      0.604180  0.171765  0.279325    -0.451636 -0.604802  1.000000\n",
            "Flores\n",
            "                Preço   Quartos        WC  Dimensão m2   Tipo_id   preçoM2\n",
            "Preço        1.000000  0.466537  0.490819     0.287219 -0.202812  0.814633\n",
